00001
00002
00017
00030
00043
00045
00048
00056
00057
00058
00074
00078
00079
00086
00095
00104
00117
00131
00145
00151
00153
00158
00160
00164
00165
00168
00173
00177
00179
00181
00182
00184
00186
00189
00193
00205
00211
00214
00227
00234
00240
00241
00246
00248
00254
00256
00261
00262
00265
00275
00286
00293
00297
00298
00301
00306
00307
00312
00313
00318
00320
00329
00335
00343
00361
00363
00364
00367
00368
00370
00390
00395
00400
00403
00407
00411
00415
00421
00424
00426
00432
00434
00435
00442
00444
00450
00453
00457
00464
00477
00483
00484
00485
00494
00506
00511
00521
00528
00532
00539
00541
00542
00544
00552
00553
00557
00558
00559
00563
00564
00569
00575
00584
00588
00589
00593
00594
00595
00597
00612
00617
00627
00631
00641
00643
00644
00667
00673
00682
00689
00693
00699
00700
00708
00710
00724
00725
00726
00727
00734
00740
00743
00744
00747
00748
00754
00762
00764
00768
00769
00775
00780
00787
00799
00800
00802
00808
00824
00827
00838
00840
00841
00855
00863
00867
00870
00885
00894
00901
00915
00924
00936
00955
00959
00962
00963
00967
00975
00977
00979
01020
01023
01029
01032
01033
01037
01039
01043
01044
01047
01054
01056
01059
01072
01090
01097
01100
01104
01109
01119
01120
01122
01134
01135
01138
01145
01156
01157
01159
01169
01180
01182
01187
01190
01200
01208
01209
01211
01215
01218
01219
01221
01224
01231
01234
01237
01261
01266
01267
01275
01285
01288
01299
01305
01311
01315
01316
01322
01324
01326
01331
01333
01335
01355
01359
01363
01368
01375
01385
01386
01402
01403
01406
01409
01423
01427
01431
01432
01436
01442
01444
01445
01460
01462
01469
01470
01471
01481
01485
01488
01489
01498
01509
01518
01520
01524
01535
01540
01543
01545
01552
01553
01556
01557
01563
01567
01573
01584
01586
01588
01589
01602
01603
01605
01608
01612
01617
01620
01625
01627
01632
01640
01646
01648
01651
01653
01656
01660
01674
01678
01680
01685
01687
01705
01706
01712
01718
01719
01739
01748
01750
01760
01780
01791
01793
01798
01800
01804
01817
01818
01821
01822
01835
01836
01842
01845
01847
01850
01871
01886
01889
01894
01899
01904
01913
01924
01932
01936
01941
01953
01956
01969
01982
01983
01993
01999
02005
02009
02010
02022
02023
02026
02028
02033
02035
02037
02041
02043
02048
02053
02054
02057
02063
02065
02074
02090
02094
02100
02101
02109
02112
02116
02118
02119
02130
02135
02140
02142
02143
02164
02167
02179
02186
02190
02202
02203
02208
02220
02224
02228
02239
02244
02245
02250
02255
02256
02260
02264
02267
02270
02272
02273
02274
02280
02283
02286
02290
02292
02303
02306
02316
02318
02319
02351
02364
02379
02383
02384
02391
02396
02398
02399
02411
02419
02420
02421
02424
02429
02437
02438
02443
02444
02448
02459
02463
02466
02481
02501
02502
02514
02517
02520
02529
02538
02548
02551
02558
02565
02566
02571
02574
02581
02582
02583
02586
02587
02591
02606
02617
02623
02624
02630
02633
02636
02637
02639
02642
02643
02646
02649
02663
02666
02667
02668
02671
02672
02680
02683
02694
02700
02706
02709
02715
02717
02718
02721
02733
02737
02739
02750
02752
02754
02757
02763
02764
02768
02770
02772
02773
02780
02781
02790
02806
02817
02827
02833
02845
02854
02859
02862
02874
02899
02900
02901
02906
02911
02915
02920
02926
02927
02928
02929
02935
02943
02950
02967
02968
02971
02972
02974
02979
02987
02995
02996
03003
03005
03010
03011
03012
03018
03021
03027
03032
03044
03049
03056
03083
03091
03095
03100
03101
03106
03110
03115
03124
03139
03149
03154
03159
03160
03167
03168
03169
03182
03187
03190
03191
03192
03195
03197
03199
03200
03202
03205
03206
03209
03211
03217
03244
03246
03249
03250
03254
03260
03263
03267
03282
03286
03288
03290
03296
03299
03315
03317
03334
03335
03354
03356
03358
03369
03373
03377
03378
03381
03383
03386
03387
03394
03408
03415
03416
03422
03423
03426
03434
03441
03445
03446
03450
03457
03460
03462
03464
03468
03475
03477
03486
03487
03499
03504
03506
03512
03518
03521
03523
03526
03533
03535
03537
03540
03541
03555
03591
03595
03600
03602
03605
03607
03608
03613
03631
03638
03648
03652
03667
03669
03671
03673
03679
03682
03693
03698
03706
03707
03712
03717
03719
03722
03723
03737
03738
03742
03745
03746
03760
03768
03769
03777
03781
03792
03832
03845
03858
03867
03869
03881
03902
03906
03908
03915
03930
03937
03952
03955
03956
03960
03961
03968
03971
03974
03975
03978
03979
03981
03982
03994
03998
04022
04023
04032
04047
04048
04049
04053
04070
04071
04078
04081
04084
04089
04091
04092
04095
04106
04110
04114
04119
04120
04121
04125
04128
04134
04136
04145
04150
04156
04157
04160
04180
04194
04215
04220
04225
04231
04235
04245
04249
04263
04290
04304
04309
04310
04311
04315
04335
04337
04340
04353
04359
04361
04362
04363
04364
04373
04376
04377
04381
04388
04407
04410
04422
04424
04425
04428
04438
04451
04452
04463
04464
04467
04469
04479
04489
04492
04494
04496
04497
04500
04502
04503
04508
04509
04510
04514
04517
04520
04521
04523
04528
04531
04551
04559
04565
04569
04572
04578
04579
04598
04600
04601
04609
04616
04618
04621
04626
04627
04628
04634
04636
04637
04643
04650
04651
04654
04655
04659
04660
04661
04664
04669
04672
04673
04677
04680
04683
04691
04697
04699
04700
04703
04705
04711
04712
04717
04719
04732
04739
04744
04747
04754
04756
04760
04770
04783
04784
04785
04798
04802
04812
04819
04821
04825
04830
04838
04844
04846
04854
04856
04858
04860
04862
04864
04872
04876
04878
04880
04887
04888
04891
04892
04910
04911
04916
04930
04931
04932
04942
04947
04950
04952
04958
04962
04964
04966
04967
04971
04973
04985
04988
04990
04991
05005
05007
05011
05016
05017
05022
05033
05037
05040
05046
05052
05076
05078
05080
05083
05085
05092
05104
05106
05141
05145
05148
05149
05154
05157
05159
05160
05161
05165
05175
05178
05190
05195
05207
05213
05221
05228
05246
05253
05266
05270
05274
05278
05289
05294
05296
05304
05309
05320
05324
05330
05335
05336
05342
05346
05347
05351
05356
05359
05378
05381
05387
05394
05396
05400
05424
05425
05429
05433
05436
05447
05448
05458
05462
05464
05465
05476
05483
05484
05499
05505
05507
05511
05519
05520
05532
05534
05542
05544
05547
05550
05557
05567
05586
05587
05588
05590
05591
05595
05598
05604
05605
05606
05607
05608
05609
05613
05617
05620
05622
05625
05633
05641
05645
05651
05652
05658
05662
05663
05667
05669
05671
05675
05677
05682
05684
05686
05687
05699
05701
05709
05713
05722
05734
05743
05748
05752
05754
05759
05766
05767
05774
05780
05782
05805
05812
05815
05819
05821
05830
05833
05855
05864
05871
05876
05885
05890
05892
05893
05895
05902
05909
05915
05917
05924
05935
05936
05939
05941
05947
05954
05977
05978
05979
05980
05981
05988
05994
05996
05999
06009
06015
06022
06027
06029
06031
06032
06034
06035
06036
06043
06066
06071
06074
06076
06078
06081
06084
06093
06097
06099
06100
06103
06111
06118
06120
06124
06125
06126
06129
06136
06140
06144
06146
06148
06157
06162
06168
06170
06174
06184
06185
06188
06189
06192
06202
06208
06213
06216
06220
06225
06226
06227
06233
06234
06242
06247
06250
06252
06254
06256
06269
06272
06280
06288
06292
06298
06316
06325
06331
06343
06355
06357
06358
06363
06364
06368
06383
06386
06388
06393
06398
06408
06416
06420
06421
06424
06425
06433
06435
06436
06440
06443
06459
06473
06474
06482
06487
06495
06498
06499
06504
06508
06514
06515
06517
06522
06523
06526
06531
06535
06544
06547
06550
06553
06561
06571
06585
06594
06606
06607
06609
06625
06641
06646
06661
06669
06672
06674
06678
06682
06688
06689
06697
06704
06711
06714
06722
06725
06734
06736
06737
06739
06740
06747
06750
06753
06761
06772
06773
06776
06780
06782
06787
06805
06807
06809
06812
06817
06823
06825
06827
06835
06837
06842
06843
06853
06857
06864
06865
06866
06867
06883
06893
06899
06901
06908
06914
06919
06948
06949
06952
06953
06959
06963
06965
06966
06969
06976
06980
06991
06992
06993
06996
06999
07007
07009
07011
07020
07021
07025
07040
07042
07046
07052
07053
07054
07058
07073
07075
07076
07086
07087
07088
07109
07116
07120
07133
07135
07140
07143
07151
07179
07186
07192
07193
07196
07205
07209
07213
07215
07219
07223
07224
07225
07229
07232
07248
07259
07273
07276
07281
07285
07295
07302
07312
07319
07323
07325
07326
07339
07341
07342
07358
07359
07369
07373
07374
07381
07383
07387
07405
07408
07415
07423
07433
07434
07438
07439
07441
07447
07451
07473
07474
07486
07487
07489
07493
07494
07496
07505
07507
07512
07520
07521
07522
07525
07528
07529
07552
07553
07564
07567
07579
07584
07586
07596
07599
07601
07602
07605
07617
07621
07629
07631
07634
07635
07646
07655
07660
07663
07671
07672
07675
07677
07704
07707
07715
07716
07719
07722
07726
07732
07740
07745
07747
07752
07764
07765
07768
07770
07784
07787
07801
07806
07808
07809
07810
07812
07818
07821
07832
07834
07845
07849
07850
07852
07878
07880
07881
07883
07886
07894
07898
07904
07905
07929
07933
07954
07957
07968
07969
07970
07985
07990
07994
07999
08000
08001
08012
08013
08018
08019
08023
08027
08035
08036
08037
08042
08047
08059
08062
08077
08096
08105
08107
08109
08122
08130
08131
08133
08139
08142
08146
08152
08158
08160
08161
08169
08178
08194
08198
08201
08216
08217
08218
08223
08242
08243
08266
08271
08273
08275
08276
08289
08295
08306
08311
08321
08328
08334
08345
08355
08357
08358
08361
08362
08370
08380
08381
08386
08387
08389
08391
08394
08399
08402
08403
08404
08412
08413
08416
08417
08420
08430
08436
08438
08445
08446
08449
08452
08453
08454
08466
08476
08497
08507
08513
08526
08527
08531
08532
08533
08534
08537
08540
08545
08546
08553
08556
08557
08564
08568
08569
08572
08574
08585
08586
08589
08591
08593
08603
08626
08632
08636
08640
08648
08661
08665
08666
08668
08678
08684
08693
08699
08714
08715
08729
08733
08735
08736
08755
08756
08757
08761
08764
08766
08773
08778
08794
08801
08803
08809
08818
08821
08823
08832
08839
08850
08853
08869
08871
08873
08875
08882
08885
08888
08896
08897
08900
08904
08906
08914
08917
08927
08931
08932
08935
08938
08944
08948
08952
08957
08958
08960
08972
08981
08984
08993
08997
09018
09020
09022
09025
09039
09042
09043
09052
09055
09061
09062
09074
09077
09086
09088
09090
09092
09095
09098
09101
09108
09114
09132
09135
09142
09145
09153
09155
09160
09163
09197
09219
09223
09238
09246
09254
09262
09268
09269
09274
09278
09291
09307
09309
09311
09315
09320
09324
09326
09332
09344
09347
09351
09352
09354
09358
09359
09363
09372
09373
09376
09378
09380
09398
09405
09422
09423
09429
09430
09435
09442
09457
09459
09471
09472
09475
09490
09493
09498
09500
09511
09517
09521
09524
09538
09544
09547
09558
09561
09567
09570
09572
09579
09582
09587
09590
09604
09609
09616
09623
09626
09628
09629
09637
09638
09644
09646
09657
09670
09673
09676
09687
09689
09690
09696
09699
09705
09712
09713
09714
09719
09726
09751
09753
09761
09771
09772
09787
09789
09790
09791
09809
09816
09817
09818
09843
09845
09850
09857
09867
09868
09870
09872
09876
09877
09879
09881
09890
09891
09893
09895
09911
09912
09922
09933
09946
09948
09953
09955
09961
09962
09966
09967
09972
09974
09979
09980
09991
09996
09998
10013
10020
10021
10028
10030
10034
10041
10043
10050
10051
10054
10056
10062
10065
10073
10076
10077
10101
10123
10129
10136
10141
10153
10157
10162
10163
10173
10174
10175
10176
10182
10185
10190
10197
10201
10212
10226
10227
10234
10235
10238
10240
10251
10253
10260
10263
10275
10277
10281
10283
10286
10294
10297
10305
10307
10321
10339
10348
10354
10361
10365
10370
10384
10386
10389
10400
10401
10402
10412
10418
10424
10433
10446
10448
10459
10464
10466
10469
10474
10479
10486
10488
10492
10500
10505
10511
10520
10523
10526
10532
10534
10539
10544
10547
10548
10552
10555
10564
10567
10580
10581
10583
10585
10592
10602
10603
10605
10607
10613
10619
10622
10625
10631
10632
10633
10635
10645
10648
10650
10651
10656
10661
10665
10671
10681
10692
10693
10697
10699
10702
10707
10721
10724
10730
10739
10741
10758
10761
10766
10769
10774
10776
10784
10786
10789
10791
10799
10802
10813
10817
10819
10830
10834
10844
10852
10853
10857
10861
10879
10887
10892
10903
10906
10908
10917
10918
10919
10921
10923
10944
10946
10957
10965
10970
10982
10985
10990
10992
11005
11006
11011
11015
11021
11022
11028
11029
11033
11037
11054
11060
11061
11063
11098
11099
11105
11108
11110
11119
11125
11132
11151
11152
11160
11162
11166
11168
11180
11187
11190
11194
11196
11218
11219
11221
11222
11225
11238
11242
11250
11257
11267
11275
11278
11281
11287
11298
11318
11319
11344
11351
11353
11354
11356
11359
11360
11366
11371
11372
11374
11376
11381
11383
11389
11394
11405
11406
11409
11416
11417
11423
11425
11437
11439
11440
11441
11446
11449
11450
11461
11462
11470
11471
11472
11474
11478
11479
11487
11490
11500
11502
11504
11508
11526
11534
11535
11539
11544
11547
11549
11553
11554
11555
11560
11563
11566
11575
11580
11586
11593
11595
11604
11618
11620
11621
11628
11638
11646
11651
11654
11664
11674
11676
11683
11690
11694
11696
11701
11704
11711
11726
11734
11737
11741
11743
11744
11745
11759
11761
11762
11766
11771
11780
11797
11799
11800
11803
11811
11813
11815
11816
11827
11829
11832
11843
11844
11848
11852
11854
11858
11859
11864
11865
11874
11875
11878
11885
11892
11906
11913
11914
11918
11921
11923
11927
11930
11932
11936
11937
11938
11944
11948
11951
11958
11971
11977
11978
11981
11986
11993
12007
12017
12018
12024
12034
12035
12037
12044
12049
12056
12058
12059
12062
12070
12079
12081
12095
12099
12102
12105
12109
12113
12114
12118
12124
12128
12135
12136
12137
12139
12140
12144
12149
12156
12161
12169
12171
12177
12180
12181
12183
12184
12187
12190
12195
12197
12213
12215
12217
12234
12236
12246
12249
12251
12268
12272
12276
12279
12281
12285
12288
12290
12292
12296
12303
12316
12317
12331
12335
12338
12339
12348
12351
12352
12357
12368
12376
12381
12383
12402
12404
12408
12430
12431
12432
12441
12447
12451
12469
12471
12473
12474
12481
12484
12492
12496
12500
12520
12535
12541
12542
12543
12546
12549
12555
12557
12562
12589
12597
12600
12605
12608
12626
12627
12635
12643
12647
12667
12683
12687
12690
12691
12709
12711
12716
12717
12718
12721
12724
12727
12733
12760
12764
12765
12766
12769
12774
12779
12782
12790
12796
12801
12806
12807
12808
12819
12824
12833
12834
12846
12849
12852
12861
12862
12863
12866
12875
12883
12884
12886
12888
12889
12892
12898
12904
12906
12911
12916
12920
12925
12932
12937
12941
12949
12950
12955
12965
12966
12969
12977
12985
12991
12995
12999
13001
13004
13016
13018
13019
13025
13029
13030
13033
13039
13040
13041
13042
13044
13049
13054
13063
13071
13076
13078
13083
13089
13092
13095
13103
13119
13122
13123
13124
13125
13137
13144
13155
13157
13158
13160
13166
13170
13178
13182
13183
13185
13186
13193
13203
13204
13209
13222
13224
13230
13234
13236
13240
13250
13261
13263
13264
13265
13270
13274
13279
13292
13293
13295
13311
13320
13323
13326
13334
13343
13346
13347
13353
13357
13359
13360
13368
13369
13374
13381
13382
13383
13385
13387
13403
13404
13406
13408
13409
13429
13440
13443
13456
13461
13470
13477
13482
13483
13494
13512
13513
13521
13526
13528
13545
13547
13557
13558
13559
13560
13561
13565
13571
13573
13575
13594
13595
13596
13597
13601
13609
13614
13627
13631
13637
13639
13661
13671
13678
13686
13687
13689
13692
13694
13703
13711
13715
13718
13719
13724
13725
13726
13728
13740
13742
13752
13761
13764
13765
13768
13770
13777
13784
13787
13793
13797
13800
13804
13811
13812
13817
13824
13825
13828
13829
13830
13837
13839
13845
13853
13854
13855
13857
13871
13875
13876
13893
13901
13902
13907
13911
13913
13929
13930
13932
13935
13941
13942
13958
13969
13988
13989
13999
14014
14017
14020
14031
14032
14034
14038
14051
14058
14061
14066
14067
14068
14074
14076
14084
14088
14092
14093
14100
14103
14116
14117
14126
14127
14128
14135
14137
14138
14144
14148
14150
14159
14166
14170
14175
14176
14182
14183
14191
14196
14205
14218
14220
14221
14224
14230
14235
14237
14240
14256
14264
14274
14277
14278
14280
14281
14282
14285
14286
14290
14300
14316
14317
14319
14322
14332
14335
14341
14344
14347
14349
14356
14357
14365
14369
14379
14382
14385
14388
14392
14396
14398
14404
14414
14416
14417
14423
14427
14437
14439
14443
14446
14450
14453
14454
14458
14461
14463
14471
14472
14480
14484
14488
14498
14506
14510
14518
14522
14523
14524
14526
14539
14545
14546
14553
14556
14561
14567
14593
14595
14597
14599
14601
14605
14608
14627
14632
14634
14641
14660
14668
14670
14673
14674
14690
14696
14702
14710
14715
14718
14719
14727
14730
14733
14736
14737
14745
14746
14753
14755
14763
14769
14781
14787
14790
14797
14806
14807
14822
14826
14828
14832
14839
14851
14860
14877
14883
14886
14891
14894
14898
14907
14911
14920
14922
14926
14928
14929
14931
14939
14940
14946
14947
14954
14974
15005
15007
15010
15020
15031
15041
15045
15052
15056
15060
15066
15069
15071
15075
15084
15088
15098
15106
15108
15116
15124
15125
15131
15141
15151
15155
15157
15163
15170
15174
15180
15198
15209
15215
15231
15235
15236
15241
15245
15246
15249
15254
15257
15264
15274
15284
15285
15301
15318
15325
15326
15327
15337
15338
15343
15346
15349
15353
15357
15362
15373
15392
15405
15412
15414
15419
15427
15438
15439
15440
15444
15445
15447
15448
15450
15468
15480
15487
15488
15490
15491
15492
15498
15510
15511
15517
15520
15522
15528
15540
15552
15557
15567
15573
15586
15588
15589
15592
15593
15596
15600
15603
15604
15609
15613
15617
15622
15624
15630
15657
15662
15663
15680
15685
15687
15690
15695
15696
15698
15703
15705
15729
15732
15735
15736
15750
15754
15763
15766
15768
15772
15774
15775
15784
15792
15798
15802
15805
15809
15816
15824
15829
15835
15847
15854
15855
15857
15862
15865
15873
15886
15887
15889
15894
15900
15901
15919
15922
15925
15940
15941
15944
15945
15951
15952
15953
15959
15961
15981
15986
15991
15992
15998
16005
16008
16012
16016
16019
16022
16028
16039
16042
16044
16051
16058
16071
16078
16083
16093
16095
16096
16097
16102
16106
16109
16117
16120
16127
16129
16136
16143
16160
16175
16176
16184
16190
16191
16194
16199
16209
16214
16225
16226
16227
16235
16238
16241
16259
16261
16265
16266
16274
16278
16281
16287
16289
16291
16292
16311
16317
16318
16319
16329
16337
16347
16354
16359
16361
16365
16371
16390
16395
16396
16399
16400
16404
16412
16413
16416
16426
16435
16437
16438
16439
16445
16455
16463
16469
16472
16474
16477
16481
16505
16509
16513
16515
16520
16533
16540
16544
16549
16551
16556
16558
16559
16562
16563
16576
16585
16586
16589
16596
16599
16604
16607
16608
16613
16614
16616
16621
16625
16627
16632
16637
16644
16652
16658
16668
16680
16688
16697
16702
16708
16711
16712
16713
16718
16735
16745
16746
16753
16756
16766
16784
16786
16793
16810
16816
16819
16828
16833
16834
16841
16847
16857
16858
16860
16883
16887
16892
16895
16902
16904
16919
16924
16927
16944
16946
16947
16963
16968
16975
16985
16986
16993
16995
16996
17008
17010
17019
17024
17028
17031
17039
17040
17055
17067
17069
17071
17074
17082
17085
17091
17095
17097
17099
17103
17115
17121
17127
17129
17136
17152
17160
17163
17164
17167
17175
17179
17185
17186
17187
17192
17204
17205
17212
17215
17223
17224
17226
17231
17232
17238
17244
17249
17260
17269
17271
17273
17279
17283
17288
17294
17297
17302
17303
17311
17324
17325
17326
17327
17331
17337
17338
17345
17350
17355
17367
17368
17372
17376
17380
17391
17402
17403
17406
17413
17416
17423
17426
17428
17433
17434
17436
17439
17448
17455
17462
17463
17474
17488
17492
17497
17502
17509
17511
17519
17520
17523
17527
17532
17535
17542
17548
17552
17553
17561
17570
17588
17592
17596
17599
17605
17614
17618
17635
17645
17647
17656
17658
17670
17676
17677
17681
17690
17692
17695
17697
17721
17723
17732
17735
17742
17743
17744
17746
17752
17764
17771
17779
17782
17784
17785
17794
17799
17805
17814
17818
17820
17825
17831
17832
17837
17844
17846
17847
17848
17850
17875
17879
17884
17886
17890
17891
17893
17897
17899
17904
17908
17916
17938
17945
17950
17958
17965
17967
17970
17973
17999
18002
18009
18010
18012
18016
18019
18024
18028
18032
18035
18043
18046
18061
18063
18078
18082
18085
18099
18102
18112
18115
18116
18117
18118
18126
18128
18149
18151
18164
18169
18181
18188
18189
18198
18214
18215
18219
18220
18221
18227
18232
18235
18246
18249
18250
18255
18263
18267
18268
18279
18280
18281
18283
18288
18290
18292
18296
18306
18314
18323
18324
18326
18335
18337
18348
18349
18352
18356
18361
18381
18390
18409
18415
18421
18428
18430
18436
18438
18459
18461
18465
18469
18472
18477
18484
18487
18488
18491
18496
18505
18506
18513
18514
18527
18538
18539
18542
18546
18552
18561
18562
18563
18565
18566
18577
18578
18581
18583
18585
18594
18605
18609
18616
18617
18618
18622
18623
18630
18631
18633
18637
18648
18654
18667
18676
18677
18680
18682
18683
18689
18690
18692
18699
18704
18713
18721
18723
18725
18726
18733
18739
18743
18759
18762
18764
18773
18777
18784
18785
18786
18795
18797
18798
18802
18803
18804
18808
18812
18821
18822
18837
18842
18844
18848
18854
18856
18859
18864
18871
18872
18877
18888
18890
18892
18893
18906
18929
18937
18940
18941
18946
18947
18960
18965
18980
18983
18993
18996
19001
19006
19020
19021
19028
19029
19030
19042
19048
19049
19053
19055
19060
19070
19072
19073
19076
19085
19088
19089
19091
19097
19099
19102
19103
19108
19114
19117
19123
19143
19151
19154
19158
19181
19195
19198
19202
19208
19211
19212
19223
19227
19229
19232
19235
19246
19248
19252
19256
19269
19272
19278
19279
19287
19299
19303
19306
19319
19325
19327
19337
19338
19339
19340
19341
19343
19345
19351
19357
19364
19367
19370
19374
19379
19384
19386
19398
19406
19416
19417
19429
19438
19442
19445
19451
19453
19458
19462
19463
19464
19468
19471
19475
19482
19487
19489
19499
19501
19502
19505
19506
19512
19528
19531
19533
19541
19550
19560
19565
19568
19575
19578
19584
19586
19587
19588
19593
19596
19598
19607
19609
19616
19620
19623
19624
19634
19637
19639
19640
19646
19656
19665
19673
19677
19683
19691
19693
19695
19712
19740
19746
19750
19751
19759
19761
19762
19768
19771
19780
19787
19788
19795
19798
19801
19803
19812
19813
19823
19830
19831
19834
19835
19837
19853
19859
19860
19865
19875
19876
19877
19878
19889
19894
19902
19910
19915
19920
19926
19927
19929
19936
19937
19941
19943
19948
19949
19952
19953
19955
19960
19962
19966
19967
19970
19972
19975
19977
19981
19984
19987
19989
19993
19994
20006
20012
20016
20027
20028
20033
20037
20045
20047
20050
20051
20057
20077
20089
20094
20096
20098
20099
20100
20115
20119
20122
20126
20138
20142
20144
20160
20161
20171
20174
20177
20185
20187
20193
20198
20199
20200
20204
20207
20208
20214
20215
20218
20226
20233
20235
20237
20249
20251
20257
20265
20267
20269
20273
20275
20278
20279
20290
20296
20299
20301
20303
20305
20307
20313
20314
20315
20316
20324
20336
20341
20348
20356
20364
20366
20369
20377
20378
20379
20381
20382
20384
20395
20410
20412
20416
20419
20424
20442
20448
20451
20452
20457
20469
20479
20481
20484
20485
20490
20492
20493
20494
20506
20509
20516
20523
20525
20527
20530
20534
20536
20550
20551
20569
20570
20577
20584
20586
20587
20595
20598
20599
20608
20609
20619
20625
20628
20633
20637
20639
20651
20653
20654
20655
20656
20669
20686
20695
20705
20710
20718
20731
20737
20743
20767
20770
20771
20779
20791
20794
20809
20811
20813
20814
20820
20821
20825
20828
20830
20832
20833
20838
20848
20849
20854
20861
20868
20869
20872
20874
20881
20884
20885
20886
20888
20893
20897
20907
20908
20912
20915
20918
20925
20937
20938
20939
20947
20948
20951
20955
20958
20976
20993
20994
21002
21008
21017
21018
21019
21021
21027
21034
21037
21038
21040
21042
21043
21059
21060
21063
21069
21072
21077
21079
21096
21102
21103
21110
21113
21114
21117
21118
21122
21125
21131
21134
21136
21140
21147
21148
21155
21158
21160
21176
21190
21191
21202
21203
21211
21212
21234
21237
21240
21250
21258
21276
21278
21284
21291
21292
21296
21301
21302
21320
21321
21324
21328
21338
21339
21349
21364
21368
21377
21379
21383
21389
21393
21394
21397
21402
21405
21406
21407
21411
21415
21424
21425
21428
21438
21442
21444
21454
21466
21468
21469
21471
21479
21483
21488
21489
21491
21505
21507
21508
21510
21512
21518
21522
21523
21540
21541
21550
21556
21572
21574
21575
21577
21585
21594
21595
21596
21599
21600
21621
21627
21633
21638
21645
21652
21657
21660
21664
21665
21669
21671
21676
21677
21689
21698
21711
21715
21717
21720
21729
21744
21754
21759
